[Satellite]
VERSION=1.1
NAME=2011-009A
NICKNAME=2011-009A
TLE1=1 37372U 11009A   15055.06105544 -.00000008  00000-0  00000+0 0  9992
TLE2=2 37372  65.0264  93.2402 0009220 238.6393  89.4404  2.13103081 31051
